%YAML:1.0
---
camera_matrix: !!opencv-matrix
   rows: 3
   cols: 3
   dt: d
   data: [ 3.3216361068270731e+02, 0., 1.6810376796427801e+02, 0.,
       3.3201186815096031e+02, 1.1637303883743721e+02, 0., 0., 1. ]
distortion_coefficients: !!opencv-matrix
   rows: 1
   cols: 5
   dt: d
   data: [ -4.8110777392998150e-01, 2.3004204275915480e-01,
       7.0478060731884421e-04, 3.2669005478343395e-04,
       6.3450132761509043e-02 ]
